   particle 2.19592 16.0447 3.75   27.3016 26.7192 0   0 0 0   0 0 0  1 1 1 1
   particle 4.13719 22.2305 3.75   0.744795 -11.0567 0   0 0 0   0 0 0  2 0.9412 1 2
   particle 5.69373 1.74304 3.75   -156.422 -6.68459 0   0 0 0   0 0 0  1 1 1 1
   particle 8.09783 21.9019 3.75   -10.7107 -53.1399 0   0 0 0   0 0 0  2 0.9412 1 2
   particle 7.80432 26.7926 3.75   36.0262 -93.9428 0   0 0 0   0 0 0  2 0.9412 1 2
   particle 11.435 1.94948 3.75   -22.0155 -6.51072 0   0 0 0   -0.203546 -26.1489 0  2 0.9412 1 2
   particle 11.2131 0.566144 3.75   124.873 28.641 0   0 0 0   0.203546 53535.8 0  2 0.9412 1 2
   particle 13.5678 8.95892 3.75   -16.0732 -36.2958 0   0 0 0   0 0 0  2 0.9412 1 2
   particle 16.9486 26.3772 3.75   -104.647 74.0143 0   0 0 0   0 0 0  1 1 1 1
   particle 19.5771 19.1101 3.75   65.2102 0.857282 0   0 0 0   0 0 0  2 0.9412 1 2
   particle 23.5063 17.0784 3.75   -19.7986 -54.1901 0   0 0 0   0 0 0  2 0.9412 1 2
   particle 27.2529 24.3403 3.75   25.8598 64.3037 0   0 0 0   0 0 0  2 0.9412 1 2
   particle 28.4323 3.95345 3.75   78.5627 -134.476 0   0 0 0   0.177556 -12.416 0  1 1 1 1
   particle 29.1556 7.23735 3.75   -7.32412 -103.681 0   0 0 0   0.0838446 -24.9341 0  2 0.9412 1 2
   particle 30.4182 4.22229 3.75   96.6116 72.0197 0   0 0 0   -0.13312 -24.7285 0  1 1 1 1
   particle 30.8968 6.11323 3.75   -11.2254 -43.0528 0   0 0 0   -0.12828 -49.8814 0  2 0.9412 1 2
   particle 37.271 28.7888 3.75   -1.05071 48.2545 0   0 0 0   0.773136 -23.5432 0  2 0.9412 1 2
   particle 39.6306 5.45606 3.75   101.537 -39.6751 0   0 0 0   0 0 0  2 0.9412 1 2
   particle 37.9492 29.9615 3.75   35.6117 54.7306 0   0 0 0   -0.773136 -26.2168 0  2 0.9412 1 2
   particle 40.0385 2.09083 3.75   125.361 48.2721 0   0 0 0   0 0 0  1 1 1 1
   particle 41.1861 23.5427 3.75   123.276 -54.9035 0   0 0 0   0 0 0  2 0.9412 1 2
   particle 42.5879 2.9169 3.75   -166.149 -118.789 0   0 0 0   0.0738428 -24.8203 0  2 0.9412 1 2
   particle 44.2545 4.2644 3.75   239.877 -31.0348 0   0 0 0   -0.0738428 -12.4997 0  1 1 1 1
   particle 44.9412 16.1655 3.75   49.7125 14.2425 0   0 0 0   0 0 0  2 0.9412 1 2
   particle 43.6598 26.6381 3.75   52.346 103.37 0   0 0 0   0 0 0  2 0.9412 1 2
   particle 49.0934 8.90813 3.75   -5.75863 -6.08564 0   0 0 0   0 0 0  1 1 1 1
   particle 47.5663 30.3192 3.75   107.717 11.1236 0   0 0 0   0 0 0  2 0.9412 1 2
   particle 48.6513 33.7205 3.75   82.3069 45.7731 0   0 0 0   0 0 0  2 0.9412 1 2
   particle 50.9866 14.9578 3.75   86.6304 -99.4979 0   0 0 0   0 0 0  2 0.9412 1 2
   particle 51.6869 17.4378 3.75   42.0819 -150.317 0   0 0 0   0 0 0  2 0.9412 1 2
   particle 54.1516 26.357 3.75   27.5161 -98.4994 0   0 0 0   0 0 0  1 1 1 1
   particle 54.7866 31.3651 3.75   27.7153 -92.5517 0   0 0 0   0 0 0  2 0.9412 1 2
   particle 53.245 33.3853 3.75   -287.515 261.903 0   0 0 0   0 0 0  1 1 1 1
   particle 62.0631 13.8312 3.75   36.2882 -145.627 0   0 0 0   0 0 0  2 0.9412 1 2
