 0.91773 3.62469 81.0642   6.1721 -54.4647 7.35734  1
 3.12907 22.1301 -250.483   4.79015 -9.11506 -26.073  1
 3.38246 28.1895 208.726   10.9285 -13.623 19.8815  1
 1.30168 42.0423 -52.7543   11.0777 -10.8134 -6.28907  1
 1.49737 57.5862 359.529   5.44976 -22.859 34.9528  1
 7.47823 49.8081 -15947.3   126.748 305.196 -1594.73  0.000955
 11.2244 14.9748 102.778   -3.65626 7.2394 8.84488  1
 10.7511 14.5609 130.998   -6.67144 -46.032 12.1118  1
 12.6109 26.0003 -68.0265   25.3181 -25.985 -7.81888  1
 10.5211 44.395 282.482   -18.8497 7.8191 27.2479  1
 16.0391 32.8479 138.655   -3.11369 -23.2308 13.304  1
 14.3134 56.8802 199.189   25.0577 20.5297 18.919  1
 17.9378 54.9177 280.931   -25.3392 -4.82899 27.1575  1
 19.9192 0.12925 -222.965   25.7488 -15.5375 -23.2965  1
 21.8249 11.0882 12.1313   19.8605 11.9484 0.213123  1
 20.1525 54.6521 -379.703   0.572745 -16.019 -38.9823  1
 18.061 59.8008 36.3428   33.3061 -6.78697 3.63426  1
 28.1641 21.5945 -2.11729   1.48496 -19.4908 -1.20698  1
 35.8527 51.5165 155.872   2.51258 -5.66465 14.5795  1
 44.9767 4.75076 -154.862   9.31512 -26.7096 -13.4621  1
 43.2353 23.4778 74.0264   14.0986 30.9685 6.09434  1
 42.647 46.7658 365.7   -34.6464 -10.8598 35.5789  1
 47.3848 3.2785 -155.605   27.8559 -44.3335 -19.5833  1
 46.5644 24.6759 119.809   9.08515 -12.7542 10.9998  1
 49.4656 37.8406 -154.212   -2.57149 -32.3781 -16.4068  1
 50.0174 13.4507 -242.985   28.6445 -27.3392 -25.2984  1
 53.0874 60.6032 266.821   -8.3238 -17.8403 25.6827  1
 56.0083 1.04926 -152.774   16.5126 9.31266 -16.3059  1
 57.7231 3.25113 3.76543   -2.21182 -39.2359 -0.609882  1
 55.0316 59.5742 284.698   -8.86978 -41.9851 27.4828  1
 62.7725 22.3239 -197.27   -27.1264 -8.94941 -20.7286  1
 61.3013 55.795 -115.013   -1.50364 -59.9422 -12.5061  1
